function [P1,P2,P3,P4,P5,P6,P7,P8,P9,P10,P11,P12,P13,P14,P15] = PP(Er_0,Eref_0,Eref_f,u,g,fn)
eps_r=Er_0;
%
P1 = 0.27488 + (0.6315 + 0.525 ./ (1.0 + 0.157*fn).^20.0 )*u - 0.065683*exp(-8.7513*u);
P2 = 0.33622*(1.0 - exp(-0.03442*eps_r));
P3 = 0.0363*exp(-4.6*u)*(1.0 - exp(-(fn/3.87).^4.97));
P4 = 1.0 + 2.751*( 1.0 -  exp(-(eps_r/15.916)^8.0));
P5=0.746+0.334*exp(-3.3*((Er_0/15))^3)  ;
P6=P5*exp(-((fn/18)^0.368));
P7=1+4.069*P6*(g^0.479)*exp(-1.347*(g^.595)-.17*(g^2.5));
P8=.7168*(1+((1.076)/(1+0.0576*(Er_0-1))));
P9=P8-.7913*(1-exp(-(fn/20)^1.424))*atan((2.481*(Er_0/8))^.946);
P10=.24*((Er_0-1)^.55);
P11=.6366*(exp(-.3401*fn)-1)*atan(1.263*((u/3)^1.629));
P12=P9+((1-P9)/(1+1.183*(u^1.376)));
P13=((1.695*P10)/(.414+1.605*P10));
P14=.8928+.1072*(1-exp(-.42*((fn/20)^3.215)));
P15=abs(1-((.8928*(1-P11)*P12*exp(-P13*((g)^1.093)))/(P14)));
