function [R1,R2,R3,R4,R5,R6,R7,R8,R9,R10,R11,R12,R13,R14,R15,R16,R17] = RR(Er_0,Eref_0,Eref_f,u,fn)
eps_r=Er_0;
%%
R1 = min(0.03891*eps_r^1.4,20);
R2 = min(0.267*u^7.0,20);
R3 = 4.766*exp(-3.228*u^0.641);
R4 = 0.016 + (0.0514*eps_r)^4.524;
R5 = (fn/28.843).^12.0;
R6 = min(22.20*u^1.92,20);
%    /* (2) from Jansen and Kirschning */
R7 = 1.206 - 0.3144*exp(-R1)*(1.0 - exp(-R2));
R8 = 1.0 + 1.275*(1.0 - exp(-0.004625*R3*eps_r^1.674*(fn/18.365).^2.745));
R9 = 5.086*R4*R5/(0.3838 + 0.386*R4).*exp(-R6)./(1.0 + 1.2992*R5)* (eps_r-1.0)^6.0/(1.0 + 10.0*(eps_r-1)^6.0);
%    /* (3) from Jansen and Kirschning */
R10 = 0.00044*eps_r^2.136 + 0.0184;
R11 = (fn/19.47).^6.0./(1.0 + 0.0962*(fn/19.47).^6.0);
R12 = 1.0 / (1.0 + 0.00245*u*u);
%    /* (4) from Jansen and Kirschning */
R13 = 0.9408*Eref_f.^R8 - 0.9603;
R14 = (0.9408 - R9).*Eref_0.^R8-0.9603;
R15 = 0.707*R10*(fn/12.3).^1.097;
R16 = 1.0 + 0.0503*eps_r*eps_r*R11.*(1.0 - exp(-(u/15)^6.0));
R17 = R7*(1.0 - 1.1241*(R12./R16).*exp(-0.026*fn.^1.15656-R15));

